1503312552163
1503312552175
1503312552187
1503312552202
1503312552212
1503312552221
1503312552230
1503312552237
1503312552244
1503312552249
1503312552254
1503312552259
1503312552263
1503312552268
1503312552273
1503312552278
1503312552281
1503312552285
1503312552289
1503312552295
1503312552300
1503312552304
1503312552307
1503312552311
1503312552314
1503312552317
1503312552322
1503312552326
1503312552330
1503312578986
1503312578987
1503312578988
1503312578989
1503312582969
1503312582970
1503312582972
1503312582973
1503312582974
1503312582992
1503312582994
1503312582995
1503312582996
1503312582998
1503312583000
1503312583001
1503312583002
1503312583004
1503312583005
1503312583006
1503312828828
1503312828830
1503312828831
1503312828834
1503312828835
1503312828836
1503312828837
1503312828838
1503312828840
1503312828841
1503312828842
